1595
692
503
1368
639
752
1010
717
393
988
99
402
80
987
1221
76
13
156
1335
556
1312
1931
49
598
670
2066
1707
786
1644
1249
1890
1914
1846
1175
543
1343
1198
411
1038
1169
298
1268
550
765
1889
674
1934
1404
27
663
1973
1316
783
981
222
1633
398
479
589
446
1897
93
1059
912
2072
1600
254
683
1260
11
501
1792
803
773
1901
318
1836
1849
1930
1954
1442
157
1353
1306
335
31
1881
258
149
394
1740
1617
1534
262
1401
1883
1394
1320
564
1476
1837
1406
793
686
1647
480
735
63
1432
1313
2011
593
759
1894
1061
638
61
457
798
249
1665
842
277
575
470
1019
1948
1457
17
1220
620
1350
254
1117
903
1905
1174
1564
1710
1560
1691
754
617
308
590
791
1114
2086
1649
1513
1863
1476
777
1544
1339
1057
455
1444
1227
77
1422
1643
59
860
1529
788
203
1983
1296
72
1926
842
24
934
848
1874
1666
1045
395
1261
1066
109
245
280
893
1613
843
1922
411
731
307
657
834
1443
399
1562
679
1867
670
883
1778
1803
1690
12
700
2062
134
81
1263
1223
936
242
634
192
1545
593
1550
601
1539
608
1702
116
571
147
739
804
1259
921
556
974
602
1953
2071
1617
92
544
212
1930
2026
1169
1363
1812
1276
1684
673
1822
213
1658
243
434
1830
473
1663
1163
288
1998
608
513
2036
1817
1170
775
1029
233
1773
1950
1916
1862
1325
1199
1486
1610
1554
1678
2029
1837
1427
400
1323
1201
1826
2052
727
988
1082
1802
405
1056
1592
1896
460
1418
762
1486
625
2096
522
200
862
1134
1984
528
962
1586
167
1653
296
767
1918
1282
83
598
956
592
1590
1879
498
1987
1221
565
1938
2027
1010
2
665
651
40
1625
641
1242
16
550
802
1256
24
31
1629
823
882
669
201
1876
348
472
1920
736
1226
246
368
1128
1459
1085
283
2090
303
1424
160
1487
970
488
1603
1439
591
7
2057
1139
514
960
1944
1432
22
1519
1282
409
719
630
441
838
609
730
601
782
1272
131
425
2066
1476
1972
1582
983
1283
322
338
1767
737
239
1004
1837
530
682
1306
2008
707
1545
224
926
699
19
2016
978
952
77
573
993
403
61
1156
1729
1514
1712
821
1753
1351
1175
1437
1032
288
778
833
2094
980
1173
682
2071
54
1835
363
740
893
196
1029
1502
335
842
2029
1722
1720
776
1908
1680
306
215
1939
425
459
1303
382
2076
395
601
1804
2005
1172
206
206
1129
1726
1147
1958
1216
1855
1956
133
379
1898
1137
65
324
1850
1316
889
511
801
1790
1097
251
499
310
505
1938
927
1577
1528
1928
1591
1466
1834
1525
345
296
650
126
594
174
121
68
853
1133
734
823
997
880
1859
1120
892
909
928
1328
1420
1223
410
1488
1439
8
524
1978
1829
1566
1117
822
408
2079
1434
468
2038
255
236
1577
805
2020
1149
1896
507
1460
1350
1184
1319
1193
2076
1786
781
771
1865
1851
1181
1566
260
1967
534
1978
223
160
174
1677
1002
864
172
138
1130
1284
371
702
139
869
652
2001
1611
564
949
1747
662
621
357
2100
1736
1829
676
1436
515
1274
1349
146
114
1815
1003
1671
1424
136
1335
1254
1720
1949
1119
115
215
1435
1816
352
518
1504
1491
1478
399
715
148
1728
1994
694
1462
2064
1470
637
743
694
718
768
1283
619
402
75
1386
442
1765
450
430
1969
825
448
399
1455
1083
761
225
1343
1237
1421
1407
770
1984
1641
1163
1782
1335
1210
1455
131
1337
794
1050
1527
307
1079
2021
1862
1465
1847
1583
1022
170
748
179
999
838
261
2038
1865
1083
1130
1858
1695
340
1622
1284
1387
424
932
1077
810
672
635
804
1757
880
800
1434
376
914
1068
1011
168
55
1563
1474
145
389
1492
2043
1295
1935
1692
1530
1484
755
600
1273
441
2031
197
1454
1852
1231
1195
1644
1353
1121
1898
20
664
1780
1208
341
1891
1216
450
568
1267
1460
625
1677
1326
1455
904
1145
303
68
615
1108
1546
1389
1138
181
855
1626
101
1375
769
746
801
1230
479
822
1436
628
1412
70
576
57
545
406
499
374
1127
1183
1269
1602
1916
1679
1844
1766
1727
118
665
182
520
1428
2053
851
1380
592
554
366
2006
863
1283
1829
2085
652
1549
1408
299
542
1274
1861
806
75
102
1594
1263
593
1669
1394
1504
1501
1377
996
163
146
282
1462
1574
1170
2050
2086
797
240
453
1004
489
1513
1825
782
1718
660
800
315
259
1239
764
1750
1790
454
249
2100
1902
1368
748
811
13
1388
765
1494
988
770
1536
1294
1409
998
1695
368
18
755
381
445
1889
1874
603
1818
163
1967
934
1958
1533
1198
1325
1496
1384
2024
1073
1809
1549
87
1493
1689
1660
873
330
1947
1971
1623
713
1294
999
277
700
1277
950
607
606
342
774
529
400
862
720
1055
1897
1301
1911
241
773
1182
784
386
267
129
578
329
783
906
578
1760
1845
980
146
1216
768
1705
861
326
1416
1936
1104
351
1738
202
2013
1368
1081
1143
1725
632
1401
1562
484
1268
1522
1591
1502
359
628
1243
1700
1553
1501
1131
671
889
972
317
945
527
6
22
1060
827
41
457
452
44
742
232
1188
210
1551
1235
1296
583
653
656
1775
998
1732
222
1752
1521
1013
122
1193
1421
631
986
672
1289
1366
1215
470
217
1492
1169
1310
1056
338
1274
1325
694
1815
228
259
1226
634
1666
1658
1612
1947
690
866
1444
1383
1077
549
1095
769
1133
1993
192
2063
1731
1219
181
251
987
963
534
1450
1676
2057
659
1770
1310
1017
211
222
1159
1960
1124
673
59
471
1424
1130
1208
1343
502
762
1774
1839
1623
368
2060
670
1240
1444
940
1857
1444
1477
1305
211
982
20
746
1996
1153
1712
1113
1387
525
2
1335
324
492
1623
1093
1762
777
251
1203
1694
1514
1228
972
1515
1089
1219
1634
1279
1312
693
508
1462
256
1107
914
1140
199
244
647
1980
519
733
968
818
551
230
1243
1077
751
1661
752
867
467
1572
1855
926
1450
1734
976
1257
1010
117
1544
255
624
1954
1714
1784
1294
1530
786
461
450
1374
509
901
1718
289
813
283
575
1596
1983
1083
1421
288
1538
739
1884
1336
946
1323
1162
1919
1499
1045
1246
1317
1233
737
458
705
978
1479
745
1931
1276
1008
502
2047
56
1537
1682
1689
517
375
309
300
1980
582
855
1149
2039
160
373
591
555
228
467
1999
1828
613
833
985
80
1919
332
1850
68
1139
1564
633
524
1618
2001
1008
972
2051
862
1517
974
1661
995
1158
744
326
1357
322
930
1801
1590
1373
430
2028
1744
251
827
19
1608
302
1760
2002
1256
973
412
577
1842
534
330
1147
174
564
446
603
321
1732
316
501
1554
406
1221
734
581
1495
1678
1864
493
263
880
506
775
2009
1024
1162
1048
1623
1687
32
1627
553
1849
2088
29
557
411
1191
189
683
747
191
111
398
362
819
731
1996
589
1667
1280
94
370
1957
1286
882
884
1700
1665
1358
1530
1537
970
465
1239
1745
2050
424
1810
1929
1615
1001
619
251
358
1007
1223
709
966
942
238
1328
590
580
1116
2077
989
1266
1067
327
2100
1312
1574
181
616
977
1322
299
200
1478
511
808
2012
1888
435
850
883
265
716
573
355
77
1487
526
197
1338
372
276
142
718
1781
587
1948
687
821
1894
1175
1161
1129
1598
2000
1018
1416
574
1035
1587
555
1394
1168
199
75
605
1435
24
1914
1551
1538
987
709
214
864
1022
1132
794
590
20
1284
669
682
58
634
366
1069
619
1560
1851
436
2090
75
682
2026
429
509
1742
41
1465
186
150
525
2040
751
2004
644
1856
1569
1210
1618
1862
1499
406
1062
629
603
1856
1461
931
1404
684
1317
1554
1459
118
2098
759
1510
1494
814
1457
1615
1980
1507
1475
123
342
1864
87
403
47
347
1908
1579
219
1047
1184
1057
1735
61
193
1584
1030
333
1144
726
1450
491
381
1878
214
1980
1016
1832
1108
329
914
904
1314
1033
923
971
1026
1605
1661
645
306
21
1392
1626
491
1176
159
1920
1962
199
902
380
1446
1082
1320
1513
1863
1575
637
485
1336
978
363
1771
1507
1447
907
522
980
1736
695
1942
1631
361
768
104
2025
1886
2003
183
2092
1991
1890
1408
757
1366
1382
865
775
1280
1017
1526
1726
1247
341
1880
1006
273
1391
992
1913
1556
708
1474
31
1829
15
626
1944
1587
763
582
1208
579
1792
1464
1318
1158
1702
2061
168
1555
770
1088
1414
867
1722
1814
1400
492
1136
781
1197
1322
1909
958
1744
1726
975
839
642
1062
1103
842
440
677
1671
45
1350
1781
1376
1513
537
1689
316
2032
1827
2094
1373
2053
537
1511
1231
2056
1189
1790
1706
1904
910
832
1444
1514
384
99
760
587
1584
876
34
440
547
2021
1858
983
524
911
1103
1275
272
765
434
27
1458
1882
285
1195
1264
1639
194
1593
259
724
1585
1759
1587
69
1766
1938
1844
1957
1299
1025
1162
1187
1165
821
1816
689
939
686
356
339
1014
568
123
1017
370
1709
1847
1655
1403
383
789
1261
728
237
1707
788
674
543
1718
1255
927
1375
719
1868
1761
843
853
569
1249
1999
247
1893
696
1773
1507
517
796
1961
2006
717
507
936
535
217
603
812
1956
458
1697
413
1307
1634
1846
163
1018
1054
1276
1463
284
1908
354
1820
1242
1885
617
1402
1965
736
1774
692
1545
1244
1058
43
579
832
1255
1310
1336
1738
125
1819
1069
1164
1269
764
299
1861
1878
1916
1303
550
776
204
98
528
1834
1393
310
1907
1330
1202
239
1660
37
1641
1956
870
782
64
1848
1009
198
792
1975
335
940
1222
1809
23
1079
488
306
1442
1498
298
1582
605
1683
647
691
1334
1372
278
792
1415
1084
742
1782
356
1736
414
1601
844
1934
1218
621
1892
1262
1875
547
1585
1230
569
180
695
1849
359
1002
1827
1100
302
82
976
1060
517
421
1496
783
313
280
2086
292
1543
1175
1343
1035
1289
469
2040
207
1843
802
487
811
736
1864
2024
609
445
1894
262
224
1475
930
532
894
1601
257
232
1821
1287
1192
1670
1083
228
1571
457
473
1289
1840
45
202
470
788
1244
1305
511
1316
649
1922
740
1167
1192
591
857
1934
21
790
612
1670
92
1317
1465
1868
2018
135
1858
237
734
1767
1790
171
562
477
1941
368
1369
1985
1822
159
163
576
1293
128
824
643
675
1529
1219
86
590
41
786
735
868
1630
1762
1829
1478
801
1929
213
921
1467
1251
718
831
2001
873
375
837
1868
117
1261
641
548
109
125
621
1587
531
1750
459
1705
1116
1746
1686
955
1797
629
1586
792
518
308
1447
59
1571
448
282
1129
663
1830
1087
2098
685
767
1378
835
70
1516
665
1836
1647
468
159
380
667
1890
445
1794
2038
1003
1
1339
298
1621
1616
538
1321
2060
41
1110
1881
1774
707
744
2094
1493
591
1742
1775
1324
620
1328
1758
344
1946
566
1121
794
607
346
457
1854
444
535